43.07356172436016, -89.311955981793
43.07356172436016, -89.311955981793
43.07798638874431, -89.29494980221892
43.07798638874431, -89.29494980221892
43.07356172436016, -89.311955981793
43.09104454460976, -89.26444479898504
43.10891702887152, -89.29824374052728
43.09445297510081, -89.29816937508383
43.102844085356566, -89.31148201090909
43.089344825974365, -89.30234222929977
43.06214214871068, -89.3187490170764
43.06214214871068, -89.3187490170764
43.06214214871068, -89.3187490170764
43.092755677235736, -89.32320250199108
43.102844085356566, -89.31148201090909
43.11887443505523, -89.321263469189
43.11571294787342, -89.33068885966333
43.11571294787342, -89.33068885966333
43.11887443505523, -89.321263469189
43.11401890912613, -89.30349081948516
43.144131523999306, -89.28029984636163
43.15474754741973, -89.28390001630164
43.12947257492175, -89.31007639875173
43.12947257492175, -89.31007639875173
43.10677111972665, -89.35743254298585
43.10677111972665, -89.35743254298585
43.0964583786623, -89.35391055715205
43.1178443410829, -89.36176043577564
43.1017546654448, -89.36513826922703
43.1282444355317, -89.35764368075546
43.13226190387762, -89.3673540801938
43.13226190387762, -89.3673540801938
43.13672111047788, -89.38315530685264
43.13672111047788, -89.38315530685264
43.14364589010353, -89.3878857407268
43.146137012124655, -89.37093352047447
43.10192089186353, -89.34703102579658
43.091620110708504, -89.33564412404473
43.08697936482315, -89.35702344211596
43.07995590398849, -89.3671833476123
43.07286025317728, -89.3816714255043
43.09350700384561, -89.36862302567746
43.085548841623904, -89.37270239744994
43.07965719714889, -89.38492560816975
43.075801036213136, -89.39583574746581
43.075801036213136, -89.39583574746581
43.07308494205887, -89.39748051436113
43.07078281153979, -89.39481679720781
43.077841691679396, -89.38209760850428
43.07286025317728, -89.3816714255043
43.07611418744057, -89.37975802114629
43.07078281153979, -89.39481679720781
43.07225870892025, -89.4025007411189
43.074910707404115, -89.3984977406725
43.074910707404115, -89.3984977406725
43.07588300326599, -89.39893937645297
43.07588300326599, -89.39893937645297
43.087673723008464, -89.43624462373921
43.0733908531746, -89.41412795754178
43.0670416396477, -89.42356184562914
43.069038134552784, -89.42556733375443
43.06801290743937, -89.43927300148096
43.055116629539214, -89.43382310998345
43.06588151422994, -89.40580023555043
43.06622325660106, -89.3984977406725
43.063111602379706, -89.4050717847067
43.0540399812132, -89.39084379063013
43.04819184991362, -89.34713745957919
43.03825268622941, -89.37899460473784
43.043920070274396, -89.3930028830735
43.040604809545584, -89.39418405899839
43.02656315510893, -89.42174521512993
43.034753074596786, -89.41964433771305
43.0317432499977, -89.45696266579733
43.03304032661395, -89.47517968416098
43.04570072789244, -89.44183606926447
43.05364815940464, -89.45009305865894
43.057337954951606, -89.44923748956563
43.057337954951606, -89.44923748956563
43.06801290743937, -89.43927300148096
43.070505395164275, -89.4546051546962
43.07289622605845, -89.46065887933776
43.06936703673043, -89.4782147477172
43.080783280255446, -89.47144175046907
43.07529163808273, -89.48190010439991
43.07574529728328, -89.51852896407267
43.060714848842935, -89.4876042740839
43.04842567364119, -89.4881781334343
43.040862375374786, -89.4907591876584
43.03373075168247, -89.49682961135619
43.03181519576003, -89.47779995721618
43.03181519576003, -89.47779995721618
43.02445874156035, -89.48884363173602
43.019350592433966, -89.49308843171428
43.010847536110305, -89.4988941474842
43.01024945349741, -89.49901496388736
43.072950000242486, -89.38668999974357
43.072950000242486, -89.38668999974357
43.033937595749194, -89.4969195435591
43.033937595749194, -89.4969195435591
43.03373075168247, -89.49682961135619
43.04842567364119, -89.4881781334343
43.04950883036192, -89.51793330096713
43.06139389730373, -89.55404447886025
43.04950883036192, -89.51793330096713
43.0690426470485, -89.50249223958838
43.07505459892877, -89.51692046549073
43.07381353452837, -89.52684898069424
43.074739836218555, -89.55049215684454
43.146137012124655, -89.37093352047447
43.04819184991362, -89.34713745957919
43.03373075168247, -89.49682961135619
43.03373075168247, -89.49682961135619
43.03373075168247, -89.49682961135619
43.04842567364119, -89.4881781334343
